 # Grain size distribution: volume (A^3) ; No. of grains
   15839.408655984096                1
   16434.773816176490                0
   17030.138976368886                0
   17625.504136561281                0
   18220.869296753677                0
   18816.234456946073                0
   19411.599617138469                0
   20006.964777330861                0
   20602.329937523260                0
   21197.695097715652                0
   21793.060257908048                0
   22388.425418100443                0
   22983.790578292839                0
   23579.155738485235                0
   24174.520898677627                0
   24769.886058870026                0
   25365.251219062418                0
   25960.616379254818                0
   26555.981539447210                0
   27151.346699639606                3
   27746.711859832001                1
